1322063750
16260305505
16758023471
16644882244
17295981856
17306947354
17046968644
17207282172
18342849244
17524587961
17666814107
17781372454
17743811432
17282279721
17882324112
18655311800
17814085150
18259681206
18159948964
17657445872
18132075471
19430534591
19322623829
19667728611
20006839487
18569909385
19208602853
18400099250
18792868580
20124895532
19460816470
19151102254
19210289105
19589484570
18804072676
18091028536
19007737973
21003622050
19313038043
19001041368
19928493073
19454051561
19769588430
19535498513
19394647195
19123222740
20579149896
20111449009
20803070043
20182498676
22160332566
19995128660
20065965556
19735726592
21766163333
21038528704
21524088011
21131767963
21086449940
21681237644
22928781054
21098663846
21231276197
21167448920
26627288198
21672779229
21315465092
23051948496
20189376041
20396758168
21836132679
21233838897
20991417758
21629258806
19904370877
23091778999
22977969844
21532370654
25123557686
22550441884
21976703494
23451453757
27835729316
23394636435
23927915508
24256592722
27267955416
23928381275
23435121089
22643702814
23148100002
22712944119
22986729395
23940078389
23401255559
22605901522
24046947911
23663313324
23196006160
21736630691
22956918234
22590163099
24373613062
23746163057
24003827550
21607278981
22261068334
22864003946
23168246175
23141113983
22344184678
22557426922
23639038462
23080223340
23216475968
27507188291
21967552748
21883215431
23639548331
23518157100
22459841792
21474602271
23571662692
20696821415
21253126426
24179139536
22768729901
22564921973
24059673457